-9.490009879	0.45512736	0.366446944	-0.382561089	-0.44584302	0.331097904	0.806744529	-0.262434173	-0.448503861	-0.072692848	0.565803558
0.257782016	0.838655566	-0.127018051	0.499812363	-0.226866251	-0.645243044	0.188699822	-0.580464862	0.651931744	-0.655564125	0.174854764
-4.438869807	0.502560814	0.142080697	0.160049769	0.505019897	-0.937163522	-0.284160161	0.635593862	-0.164624906	0.948071363	0.426812516
-19.78276279	-0.038850967	-0.416687005	0.899720269	0.640983647	0.273289096	-0.261757012	-0.279490249	-0.13067783	-0.085365811	-0.054623158
-7.966593842	-0.061954959	0.654644848	-0.697936891	0.667732471	-0.079387255	-0.438856017	-0.608071585	-0.641453118	0.731373593	-0.026818676
-7.896274317	-0.158056587	0.265739583	0.39971729	-0.3693431	0.143240611	-0.257975421	0.743629192	0.611461885	0.23242737	-0.251281288
-8.464803554	0.394497459	0.81722916	-0.607705856	0.618249633	0.255866551	-0.073201458	-0.388841689	0.079818869	0.270222029	-0.747484353
2.121459267	-0.005346215	-0.945371667	-0.927030967	-0.03231229	0.310106762	-0.20846744	0.880344931	-0.230778312	0.292463958	0.540931276
1.072011762	0.788085592	0.197674074	0.952068943	-0.845829774	0.550241392	-0.442355395	0.798410659	-0.252327713	-0.13738089	-0.335351443
-13.77244156	-0.369705057	-0.114528116	-0.807098168	0.490306612	-0.658280524	0.61078144	-0.720420809	-0.814106366	-0.945940266	0.096669383
-5.082010756	-0.435603428	0.934990644	0.809002158	-0.312115707	-0.971888363	0.61918825	0.042988607	0.67031111	0.166923297	0.376492139
7.887786537	0.112764403	-0.768499753	0.177017274	0.790284571	0.25295033	-0.234838018	0.80725019	0.667399202	-0.479612738	0.92447244
14.32314637	-0.204927688	0.147069437	-0.483669998	0.643491116	0.318366949	0.22821351	-0.023605251	-0.277058774	0.475963265	0.710722982
-20.05748262	-0.320505783	0.516059729	0.45215641	0.01712447	0.550819837	-0.247825424	0.725648318	0.394186628	-0.679738491	0.600121752
-0.899569325	0.450899107	0.589749448	0.646481831	0.7005669	0.969958411	-0.741746627	0.228189648	0.085749362	-0.694576514	0.06915202
-19.16829262	0.097987466	-0.342880071	0.440249351	-0.224407684	-0.969506757	-0.794203266	-0.792286206	-0.653548704	0.795267647	-0.162283162
5.601801561	0.694918973	-0.326979296	-0.153596636	-0.895186509	0.205788939	-0.667665679	-0.035536557	0.1455035	0.034600542	0.422335207
-3.225635219	0.35278246	0.702221104	0.568663875	-0.420215529	-0.261027239	0.010688216	-0.431154481	0.950015167	0.143806358	-0.754935484
1.529967573	-0.130792991	0.098338223	0.153470839	0.455073007	0.192108347	0.636111054	0.767526118	-0.25434882	0.292705105	0.680182445
-0.250102448	-0.806283228	0.826628989	0.226845012	0.172629197	-0.677877367	0.999390692	0.178949017	0.558405382	0.034958947	-0.850572001
12.79226793	-0.008461201	-0.648273596	-0.005334477	0.378146901	0.305652347	-0.282286749	0.101751207	0.534243289	0.051465131	-0.645972996
6.082192787	0.425190135	0.094415033	-0.07898439	-0.32207498	-0.918007186	0.595131732	0.410008146	-0.392626064	0.278903677	0.131636923
-7.481405271	0.033248426	0.070558448	-0.471995156	-0.682690342	0.398341471	-0.213672939	-0.090665635	-0.464033819	-0.035137821	-0.17118098
6.739533816	0.177454646	-0.678364455	-0.478713983	0.022721215	-0.504764929	0.264795961	-0.320454365	0.311304794	0.626941815	0.971011452
3.780807062	0.01715677	0.897596243	-0.465945609	0.28736235	0.88943623	0.179739812	0.491057914	-0.735984274	0.389411338	-0.715188478
4.564039393	0.074787855	-0.867265199	0.4505993	0.351048023	0.679731819	-0.038919975	-0.332086959	0.616657458	0.573021232	-0.419492575
-0.319567965	0.054527684	-0.155919316	0.926674256	0.888522582	0.65762039	0.641777021	0.750978803	-0.310497457	0.723474427	-0.158690497
11.29045266	0.20173311	0.865750257	0.93251606	0.24570884	-0.654610881	-0.14020032	-0.882568789	-0.214201669	-0.860027518	-0.799057462
-4.003499192	0.83258755	-0.595635014	0.12598048	0.123401887	-0.839435659	-0.166234818	0.120287953	-0.799471317	0.221672197	0.840756142
-19.87299104	-0.932581077	-0.641147115	0.994921629	0.483048267	-0.873629743	-0.362227717	0.263978602	0.455275888	-0.942498971	0.625116229
10.50276215	-0.230777892	0.697787113	0.022830408	0.625773882	0.977097985	0.099857306	-0.975585842	-0.689969833	-0.729458731	0.349632619
-14.32897851	0.379298219	0.840205688	-0.18068358	0.766314307	0.865876514	-0.711350122	-0.093295656	-0.704202581	0.475306969	-0.462910208
-16.26143028	-0.930957848	0.759179588	0.062969575	0.786790093	-0.952799839	-0.085739825	-0.381223203	-0.68906697	0.254159115	-0.076647463
11.7725442	0.36147564	0.145080275	0.23042774	0.416434869	0.410909175	0.038530982	0.389119949	-0.503130936	-0.596467769	0.178845222
14.69770356	0.245088642	0.757619333	0.090305111	0.953752899	-0.722409216	-0.340893852	0.692417072	0.329123062	-0.406462471	-0.534466206
-13.97613093	0.589119253	0.298621037	-0.361539767	-0.655266956	-0.226725137	0.30013362	0.344902513	0.207263305	-0.565937128	0.495996362
-14.76275825	0.313024962	-0.606277398	-0.987400766	-0.621490463	-0.114210737	-0.585084342	0.125067915	-0.710817073	-0.688835124	0.607734368
-3.300641321	-0.140717888	0.129602332	-0.423619648	0.79030783	-0.875575495	-0.206236026	-0.045680125	0.783182093	-0.029957373	-0.333823517
-15.72351561	-0.180257578	-0.991006951	-0.910795176	0.906982008	-0.126919212	-0.708701212	-0.917951058	0.1848035	-0.447845914	-0.556058566
-22.94982594	0.479785598	0.019975025	-0.882792832	0.275510791	0.015544482	0.965268714	0.662266786	-0.770813854	0.177281487	0.478181907
12.09243163	0.135884344	0.036434466	-0.310708239	0.528303321	0.346911154	-0.516251817	0.242702342	0.73522928	0.886032229	0.674806865
-23.51088409	-0.468353842	0.146954019	0.911361295	-0.983848267	0.450646637	0.645612171	0.826478373	0.562664169	-0.829928185	0.406903003
5.998186125	-0.978130207	0.329843033	0.730343085	0.841481297	0.055807739	0.71307883	-0.218087116	-0.9889495	0.918285413	-0.75017517
9.852316339	0.14685416	-0.361150871	0.351701697	0.618769799	-0.010768584	0.523672589	0.594566696	-0.009180563	-0.444747624	0.418527435
-5.313930757	-0.630420928	-0.370103598	-0.319473903	-0.750533359	0.455003033	-0.012727544	-0.439416519	0.927108877	-0.241649032	0.441349729
-4.277522486	-0.35785765	0.942797044	0.453956919	-0.694490301	-0.08357222	0.443304955	-0.548897205	-0.240146237	-0.617811849	-0.457546395
-10.5776983	0.226938644	-0.041639691	0.994872646	-0.745047155	-0.111484713	-0.278811848	0.029766812	-0.372764935	-0.779173281	0.942557668
-0.84303386	0.460709001	-0.607996164	-0.567162693	0.127845761	-0.30766032	-0.212329635	0.331046376	-0.680768273	0.782663415	0.060805762
13.45058626	-0.269776996	0.077437377	-0.84596875	0.609190151	-0.946481543	0.157804074	-0.285520526	-0.275008592	-0.720754155	0.052155937
20.35824188	0.297689274	-0.537939053	0.6591913	0.663599235	0.378659465	-0.721713528	0.963401391	0.039612539	0.133512131	0.79339443
9.800993961	0.398968235	0.309484131	0.085680601	-0.745451345	0.805412583	-0.244642404	-0.182944066	-0.883455504	0.246843103	-0.708151566
-21.43238776	-0.478503386	0.520350718	-0.298851501	-0.462601501	0.5394345	0.393204681	0.189056092	0.131237993	0.436138394	0.395419984
-4.09057076	0.390970581	0.983027198	0.672523652	0.003517722	0.567082732	-0.262045433	0.466225786	0.646246879	0.426317554	0.898269698
3.745920122	-0.948016766	-4.89E-04	0.482268441	-0.237066635	0.224202666	0.298174761	0.389342597	0.630270138	-0.219091138	0.837169796
9.767952085	-0.230079037	-0.445788363	0.287108533	0.711283974	-0.876585838	-0.647077947	0.436926258	-0.717541203	0.550673348	0.539300719
6.980283931	0.21769855	0.865381833	0.232294311	0.376059127	0.065540142	0.686609671	0.866929973	-0.646226342	0.250724747	-0.700587778
16.0147208	0.605805525	0.048517868	-0.157449129	0.325980797	-0.587791997	-0.463618731	0.777190856	-0.349403854	0.22980003	-0.674614819
8.417571533	-0.211649462	-0.998193666	0.861186958	0.111008913	-0.74060673	-0.76138374	-0.961757333	0.569742697	-0.583087972	0.595144854
-12.49144208	-0.191721176	-0.124213049	0.709560579	0.640158229	-0.934779021	0.659220929	0.702282298	-0.22765902	-0.177469223	0.719666343
-8.605713515	0.36490455	0.699120448	0.654694556	-0.032324846	0.245393597	0.536311923	0.626674135	-0.213226631	-0.30810587	-0.082194139
-10.3559186	-0.014204168	-0.707703568	0.024004218	0.818971993	0.908130526	0.808854493	-0.647433679	-0.325592882	-0.328504531	-0.703531042
3.605002622	0.608581798	0.810107241	0.769789151	-0.573875039	-0.73431499	-0.787901449	0.688444284	-0.461312319	-0.773058595	-0.781987402
12.30435312	0.328366877	-0.18316687	0.39556141	0.845047035	0.39580429	0.657847557	-0.439548856	0.157204301	-0.531836283	0.455852853
9.02004882	-0.598652115	0.326654222	-0.099117737	-0.214782545	0.654617505	-0.141479637	0.258026313	-0.677382856	-0.220381939	-0.174657373
14.85426298	0.529376392	-0.246588683	0.826863165	0.89692072	0.039332299	-0.621295118	-0.366954603	-0.546801464	-0.341949283	-0.827331409
5.658665648	0.954309638	0.13230024	-0.307192986	-0.364606784	0.697992989	-0.207216642	0.667648255	0.944757051	0.024377296	-0.941372861
-6.930603552	0.091986479	-0.368511365	-0.236172893	0.367426813	0.273855984	-0.715190024	0.331015448	-0.243281119	0.251137868	-0.358251412
13.36119678	0.116766652	-0.499686089	0.994134281	-0.178589672	0.199374467	0.145968376	-0.824549543	-0.563793469	-0.858918581	-0.49232169
-3.280508467	-0.991777007	-0.154765181	0.621733178	0.730332628	-0.078690033	0.91071278	0.710451302	-0.328585229	0.170136527	0.276569843
11.13509519	0.687493214	-0.466102932	0.874468102	0.409003652	-0.497700544	-0.063577075	-0.570538765	-0.57798825	-0.809946306	0.421327002
-11.85735037	-0.24607975	-0.943388538	0.867911211	0.777995118	-0.580233602	-0.909335247	0.293377979	0.498519875	0.349303481	-0.073072107
11.42163214	0.391151936	-0.815439379	0.471942711	0.140147923	-0.358934591	0.788769541	0.499627923	-0.640267015	-0.23140416	-0.798901341
5.194792012	0.810279303	-0.977275688	-0.209259584	0.879756246	0.321153242	0.252502795	0.143878313	-0.021466789	0.189092937	-0.598134996
12.24267712	0.356571567	0.736674324	0.192223358	-0.355192578	0.52908495	0.774421464	0.727721503	-0.590440215	0.742732818	-0.623190416
3.496172341	0.502871726	-0.583887189	-0.554011656	0.850248768	-0.798306103	-0.38531233	-0.149380068	0.600879863	-0.322990622	-0.58270195
-15.43738479	0.419946814	0.710642687	-0.452110335	-0.727240655	-0.357365945	0.476450758	-0.524991264	0.856201091	0.459276216	-0.370181743
5.490036862	0.841499944	0.927344286	-0.054654788	-0.231261342	-0.915504825	0.257505384	-0.847091676	0.910567468	0.502602852	-0.066505016
-1.074065343	0.374848306	-0.985885425	0.007159357	0.81727963	0.519147378	0.821104999	0.990165882	-0.02651956	-0.232876249	0.431619942
2.04820825	0.24940246	0.472483589	0.238338149	-0.344917251	0.741286987	0.13514229	-0.003784142	-0.632191715	0.824626783	0.505752048
16.70979486	-0.597742441	-0.139913621	0.613487897	-0.376815253	-0.436959228	0.470224288	0.074984635	-0.994230413	0.413042092	0.679925067
4.598881855	-0.412128381	0.673712463	0.837636919	0.284832878	-0.179602654	0.003548871	-0.835535548	-0.743971667	-0.009043467	0.742327252
9.566038609	-0.662329643	0.472711388	-0.157342187	-0.395075479	0.138370831	0.633261314	0.992999806	-0.463902842	-0.07399258	0.341316641
1.629198478	-0.287571979	0.93957537	-0.450908018	-0.384528069	-0.359377365	0.959710269	-0.689832512	-0.114360129	-0.533055058	0.246887699
-7.37462097	0.168640517	-0.083918283	-0.818450304	0.546125251	0.726467666	-0.965438443	-0.853753314	0.918971601	-0.034493226	0.549032975
-0.574170424	0.939275329	-0.5579682	-0.80832707	-0.702280403	-0.304268034	0.821143253	-0.810134327	-0.094594633	0.495469157	0.51843277
12.58303245	0.20496324	0.508201754	0.242864605	0.710185434	-0.961992526	0.46101345	-0.562066905	0.676661408	-0.716969344	-0.143623224
-10.48915712	-0.744163308	0.070698984	-0.47119553	-0.439701559	0.431922896	-0.079855014	0.211118814	0.910174862	-0.407998488	-0.810142498
-3.811365493	0.725026346	0.22182621	-0.127353427	0.262228617	0.392817406	0.817131412	-0.056109766	0.79087792	-0.067683195	0.410704561
-7.604636484	0.876751635	0.040370856	0.181423857	0.383505651	-0.309376643	-0.954480767	0.008643478	-0.276768435	-0.12938541	-0.292976226
-1.988949962	-0.42431493	0.225787119	0.662530786	0.285922358	0.417034523	0.929088113	0.533244337	-0.332489584	0.162731398	0.689902259
-1.998913542	-0.173207845	0.236102954	-0.845586702	0.31638672	-0.648387667	-0.76478861	0.69101555	-0.26656631	-0.598089957	-0.91658965
9.743486309	0.189344505	-0.715110505	-0.453777528	0.274374125	-0.843931041	-0.53383519	-0.591171085	0.210264626	-0.458496077	0.132707418
20.22196181	0.624731931	-0.399143954	0.781887901	0.544261905	0.166511931	0.906484612	-0.364315959	-0.518206534	-0.678562825	0.711115285
20.45694796	-0.219237853	0.113406686	0.739788399	-0.117480811	0.063148727	-0.712457485	0.18043582	-0.090239253	-0.725641756	-0.503808867
12.24100609	-0.152715981	0.903894267	-0.61685141	-0.122190383	0.540278594	0.40597444	0.258870597	0.319088103	0.237246901	0.3671883
3.980473022	-0.902589535	-0.03333947	-0.822077607	0.449117986	0.997051944	0.27430911	0.039081353	-0.862151495	-0.569587566	-0.911834635
-13.42059478	0.36979795	0.073836641	0.719936613	0.211862543	-0.901597632	-0.529839528	-0.951741954	0.395549208	-0.372195744	-0.475027284
-1.052659359	0.021068453	0.757124568	0.803422883	0.329683405	-0.651038648	0.271011549	-0.131958027	0.932600993	0.826046153	-0.850764895
9.813440129	0.410486879	0.938463999	0.456955584	-0.308472908	-0.729901028	-0.6925013	-0.679801392	-0.504368104	-0.623439806	0.86334079
-2.894278238	0.554638183	0.795940584	0.584699836	-0.572637178	-0.282797615	0.138034014	-0.293508079	-0.532347909	0.683764104	0.598668081
8.562937734	0.147532205	-0.315913419	-0.748545617	0.325188882	0.822858948	0.046659707	-0.35049928	0.295317	-0.642937418	0.462408312
13.41318797	-0.72298834	0.887694045	-0.033794227	0.467000714	0.15995573	-0.894461979	-0.125846458	-0.879755179	-0.144088792	0.11020656
-5.491389765	-0.366507396	0.630480481	-0.16600802	0.098420428	0.30129535	0.141021663	-0.281317886	0.496352957	0.062563699	-0.417481327
-10.29566594	-0.789859773	-0.054255773	0.599264576	-0.471686855	-0.020137303	0.621651528	-0.729551095	-0.414438756	-0.610576632	-0.951598831
7.084732852	0.999021558	-0.986895454	0.491334734	0.769759988	-0.346689399	0.977770599	0.44490431	0.98129712	0.666659859	0.143988426
0.237154675	0.216287992	-0.452639057	0.655848669	0.137306887	0.230769862	0.702048402	-0.120779995	0.830608497	-0.493373232	-0.827002815
1.155261955	-0.48202394	-0.627487871	-0.276236742	-0.531215342	-0.030820183	-0.589337097	0.666631512	-0.364829917	0.606577181	0.058310573
-0.204338798	-0.470222025	0.91237058	-0.204565717	-0.189220635	-0.314312134	0.415013006	0.340161936	0.839137414	0.688425032	-0.791640885
-9.751622608	-0.001423232	-0.128424681	0.522895302	0.968852245	-0.785772122	-0.781292226	-0.591613665	0.79398861	0.798294906	-0.592785474
-22.83746042	-0.173631442	-0.334031457	0.935142497	-0.64306019	-0.133633058	-0.424463596	-0.409307032	-0.930225978	0.470043659	-0.623128989
-3.631871421	-0.829641071	-0.605657234	-0.29754174	0.071341382	-0.896646375	-0.41126759	0.790801348	0.407396255	0.92277693	0.124184274
-3.890971238	-0.655275155	-0.564192111	-0.634048635	-0.544106912	0.908720622	-0.026054644	0.037061917	-0.667252434	0.795827492	-0.1902962
-10.60013034	-0.7457696	-0.373945313	0.013274233	-0.084828972	0.845734561	0.627992758	0.014494804	0.942064756	-0.134841133	0.303740585
-12.09435128	0.998279602	0.835427178	0.462843218	0.076933479	-0.475344041	-0.470982529	0.481072918	-0.613699034	-0.671583304	-0.624705896
9.93639936	0.733032308	0.47204205	0.385047148	0.214834602	0.380622012	0.633699343	-0.479874164	-0.195509011	-0.656182028	-0.453004804
-4.706701061	-0.847895845	-0.299466465	0.254328681	0.135295887	-0.880301797	-0.367511056	0.108884963	0.962073761	-0.031046633	-0.094668835
5.101614991	-0.517424814	0.143940619	0.561370927	-0.567863494	0.93021621	-0.620472789	0.413314175	0.626268504	0.033829245	-0.152311392
-8.772667466	-0.211760558	-0.428389714	0.446867675	-0.550782626	0.237124956	0.641315752	0.240921483	-0.850550364	-0.981199737	-0.949996394
-11.61577527	0.878201867	-0.975147357	0.630705007	0.701272134	0.213187363	0.024885128	-0.458064424	0.131865001	-0.930609009	-0.568874677
19.64829024	0.14426538	0.355771689	-0.857714313	0.528864323	0.923152974	0.975999712	0.247004047	0.102065175	-0.100419513	-0.941291849
2.740941544	-0.740493601	-0.979207138	-0.495107485	0.953846011	-0.507511415	-0.589079131	-0.775366087	0.498391253	-0.297619796	0.679125803
-4.394658159	-0.416286188	-0.147260255	0.441361022	0.011882654	-0.655950284	-0.402252902	0.048402313	0.875377662	-0.852824729	0.659378398
1.191573913	-0.784082762	-0.486041851	-0.741877316	0.129874782	-0.226316823	0.47794208	0.553218343	0.118798595	0.099276307	-0.192686189
2.156192215	0.443259866	-0.605727871	0.394338158	0.656033624	-0.96513081	-0.2358219	-0.041430435	0.862395117	-0.493354526	0.89904272
-1.100975079	-0.451570762	-0.7459361	0.413070032	0.612776049	0.925087817	-0.677862853	0.427941904	0.49439698	0.77627091	-0.693234927
10.04434497	-0.099546749	-0.776676941	-0.660800997	0.707578802	0.520839636	-0.097240338	-0.743087245	0.765372792	0.378869986	-0.6898258
8.038039859	-0.532151066	0.557192554	0.747268103	0.090796412	0.25861123	-0.994818748	-0.966513687	-0.390462943	-0.997542588	0.320242898
5.143719299	-0.482919917	-0.571328526	-0.438896525	0.184782473	-0.273740631	-0.806912538	-0.154977467	0.324485213	-0.39397735	0.08184958
-1.684827648	-0.392504898	0.027303389	0.991605551	-0.075714334	0.190245277	0.638518232	0.324806055	0.580754333	-0.356425101	-0.906048277
-11.64054968	0.037074104	0.252704917	0.411487295	-0.85089779	-0.427915447	-0.98640473	0.602368596	0.120184437	-0.368162499	-0.958314754
11.67210449	-0.241625836	0.673755325	0.904160219	-0.21232328	-0.008255188	-0.515189406	-0.734187798	0.624625272	-0.62614348	-0.571058672
-2.296019249	-0.745776865	-0.59549981	0.542884677	-0.617658796	0.462221507	0.785223824	-0.361458053	-0.325840253	-0.566059671	-0.806026337
5.428302299	0.877428636	-0.231101263	0.626413491	-0.143015583	0.35010954	-0.147747168	0.050205704	-0.546960585	0.951112568	-0.348001214
-17.32672073	0.313745991	-0.362704988	0.745620327	0.046239859	-0.030136502	-0.065966372	-0.468294878	-0.205483912	-0.70064803	-0.688604771
7.314490513	0.874535428	-0.92700675	0.96521817	0.128089571	-0.530939963	-0.596852099	-0.667403237	0.08154411	0.330254884	0.034067081
4.687373993	0.673142672	-0.711102307	-0.984905412	-0.128313463	-0.040959464	0.696700156	0.847989523	-0.35600792	0.500597905	0.642134198
-6.829238522	-0.048492336	-0.850585562	0.292718095	0.578026804	-0.223222078	-0.843651393	-0.390624051	0.725871496	-0.216950435	0.804933529
-8.246228794	0.121548337	-0.264464154	-0.066537912	-0.792069489	0.61287915	-0.692717914	-0.245844182	0.355741637	0.228686368	-0.828819632
-5.090863544	-0.153566865	-0.598687384	-0.88225187	-0.179050511	0.946758126	-0.066131376	0.312630463	-0.036288942	0.896959944	-0.053866741
-15.78068503	-0.256849206	0.77409762	-0.78291581	0.857884604	-0.611103932	-0.269392683	0.365913664	-0.820593856	-0.249455057	-0.935948185
-3.991677994	0.229259545	0.181592382	0.056070273	-0.33760377	-0.106300006	-0.714827724	-0.083272945	0.653243936	0.343523643	-0.210282424
8.798748248	0.509058185	-0.175328315	-0.638788091	-0.966194651	0.782979733	0.547073555	-0.383127452	-0.889092393	0.682334286	0.92312606
14.34127364	0.699615668	0.861283398	0.913130169	0.519938519	-0.32605908	-0.981646596	-0.593988576	-0.773092457	0.636782145	0.108738124
9.758555013	0.293332492	-0.465253431	-0.294064056	0.988345322	-0.042460732	-0.154385509	-0.111823976	0.742595428	0.506385905	0.301221185
7.695200921	0.355435339	0.087075927	-0.108154357	0.055240467	0.800015749	0.375619335	-0.186598307	-0.081686238	-0.25513793	0.856003059
26.90352479	-0.467267814	0.868381966	-0.047483356	-0.090828551	-0.224368659	-0.953965287	0.406448487	-0.333915753	0.008337907	-0.455979048
9.873187811	0.731028789	-0.383001151	0.54926825	0.55201607	0.371502246	-0.388804002	0.213482311	0.232195587	-0.627116125	-0.009137053
7.693051405	0.486035505	-0.921882077	0.176786127	0.511050187	0.58170102	0.44887078	0.497761864	0.168321457	0.172372427	-0.527608464
3.155413914	0.045825172	-0.906080065	0.04978627	-0.423678449	0.629391003	-0.737023704	-0.459967899	0.53171111	0.002952524	0.92948768
-10.18815738	-0.902355319	0.084341651	0.71639311	0.417499865	-0.819097297	-0.999612687	0.177907573	0.182127547	0.246285082	0.667589863
18.58573148	-0.839912904	-0.100248193	-0.501135089	-0.729925635	-0.941202299	-0.245064896	-0.103251265	0.994386326	-0.642937103	0.062299743
8.998359297	-0.168502269	0.72628392	-0.048762551	0.894816496	-0.107205854	0.262271945	0.264338375	-0.514344915	0.174445855	-0.813182163
13.03242423	0.401476617	-0.171050275	-0.309850483	0.255642457	0.994911771	0.125537723	0.641260281	-0.622567945	-0.158670115	-0.497069535
-6.931030746	0.515145217	0.100770648	0.951522127	-0.215518785	0.291525281	-0.10995497	-0.787278653	0.990914998	-0.604461795	0.413528591
15.53806245	-0.493569696	0.728091444	-0.539916054	0.568801899	0.829655036	-0.351927462	-0.553658368	-0.964877493	-0.264967083	-0.2337289
9.499729033	0.220174908	0.76930828	-0.764574531	-0.424340052	-0.706528152	-0.948847014	-0.788878143	-0.38027759	0.11329244	-0.56365505
-0.603911576	0.312879125	0.469030832	-0.98197481	0.289312837	-0.628398393	-0.107959356	0.77858318	0.445376825	0.405541062	-0.581108384
9.682301464	0.503997033	-0.008965106	-0.541522538	0.467711186	-0.385408976	-0.846831734	-0.29258253	0.73611736	0.572256167	0.852403017
-2.87521919	-0.454073567	0.656322106	-0.893836693	0.602817342	0.679288135	-0.629560481	-0.216414169	-0.870362052	-0.339736292	-0.096694747
-28.04601804	0.94933082	0.328521466	0.749300278	-0.006681618	0.293605527	0.004470679	0.500617221	0.38751815	0.606973592	-0.794612883
2.875258261	-0.944323281	0.315312649	0.642384327	-0.09528333	-0.231877383	0.325979096	0.428085557	0.289595932	-0.510649108	-0.291741816
-2.203945174	-0.13844025	-0.024638103	0.611451418	-0.693931668	-0.036549674	0.094239529	0.794341137	0.70256938	-0.218226355	-0.604525018
-5.0706553	-0.803515611	-0.534492824	0.61054046	-0.753863553	0.983676504	-0.57002532	0.923238099	-0.263743771	0.907943147	0.840428177
-2.540181414	0.220453182	-0.031057924	-0.171312824	-0.418000606	-0.147756456	0.055537469	-0.809207693	-0.298151124	-0.200305806	0.337865839
19.34134259	-0.320528683	0.954507993	0.38642227	0.924044203	-0.460775597	-0.799139349	0.939623232	-0.248693015	-0.625648583	0.148618438
0.313985591	-0.468421576	0.078733084	-0.358959489	0.142846621	-0.893627206	0.564721724	0.496132332	-0.501698788	-0.467101074	0.89851718
12.24311746	-0.814761056	0.211040069	0.42405323	-0.667965574	-0.267026607	0.794975282	-0.07664415	-0.602308764	-0.659375888	0.459735946
-4.623091297	0.084056465	-0.400094481	-0.398312453	0.879413784	-0.047885658	-0.067630194	0.413248773	0.397468688	-0.986729367	0.700167771
-5.782162271	0.291279708	0.671271579	0.27575757	0.315250546	0.690501617	-0.519531909	-0.065981299	-0.514255403	-0.115463312	-0.293452489
-9.892155928	-0.704858333	-0.465984913	-0.020347225	-0.663294196	0.448532913	0.455361959	0.715481491	0.753293766	0.020693077	-0.231319866
0.54227647	-0.151329874	-0.459154434	-0.719221956	0.212366581	0.120504455	-0.424115282	-0.151039255	0.903211573	-0.922881753	0.260409
4.187800872	0.308435561	0.702963827	0.340983441	-0.581842137	0.133235671	0.226713167	-0.675046975	-0.406530243	-0.48213804	0.179185967
4.487701812	0.835206135	0.275739322	0.931050439	0.519503547	0.527024521	-0.081811548	0.51483243	-0.66809461	0.75740607	-0.47213349
-5.150140984	0.811370944	0.219393051	0.021099865	0.074501077	0.723883853	0.539203519	-0.138274022	0.999020154	0.104293298	-0.136526641
-6.544633229	-0.082780375	0.698273099	0.909068595	0.675409206	0.588919982	0.02067862	0.476057857	-0.499267711	-0.28380077	0.528231928
7.216836352	-0.851068007	0.426118183	0.593607822	0.563506747	0.212193052	0.270806318	-0.314911133	0.005990053	0.89852594	-0.44549339
20.87424617	-0.530106924	-0.989708475	-0.908397826	-0.155816556	0.997403554	0.989471799	-0.728728754	0.064251271	-0.066841647	-0.360062188
-6.556192431	-0.765595835	-0.080831707	-0.854063696	-0.099944294	0.173480902	-0.295631802	0.215849761	-0.607164431	0.806342672	0.470922992
7.252748885	-0.364033124	0.123745114	-0.575642761	0.761283364	0.935062831	-0.012087843	-0.037425735	-0.052104608	-0.53332148	-0.01332003
-9.267965125	-0.505725056	-0.416553199	0.189743123	-0.038318718	0.913649558	-0.889052504	0.408595015	-0.874698585	-0.005836984	0.783803603
-15.73208827	-0.854686758	-0.300398032	0.496498839	0.710496747	0.584851048	0.571482676	0.548797517	0.56543334	0.863539316	-0.96994101
-0.204124313	0.133235481	-0.303017758	-0.635892093	0.37293807	-0.813181812	0.115671527	-0.364550854	-0.548721325	0.560588639	-0.840030899
10.44575968	-0.927072804	-0.930777257	-0.119718737	0.514024529	0.575114565	-0.438509101	-0.787220887	-0.308797545	-0.464584976	-0.156364183
3.349708377	-0.633439412	-0.900808668	-0.267889249	0.762651424	0.640649368	0.366924557	-0.05205063	0.671339412	-0.114589746	-0.25949626
-23.48744012	-0.519535443	0.808035795	0.849861321	0.044766978	-0.903197295	0.284006053	0.964000496	-0.04090128	0.4419048	-0.735982014
-11.827073	0.940973966	0.170530322	-0.573527121	0.271306495	-0.117259888	0.344133894	-0.298773411	-0.543653853	-0.065786688	0.790164474
-3.650649177	0.966534403	0.139551475	0.954697163	0.209360188	-0.428417378	-0.028772097	-0.838252616	-0.037738788	-0.375177512	0.647798746
0.21915863	0.251431096	-0.064636966	-0.332486233	-0.718462345	-0.889721794	-0.733627819	0.854763164	-0.758261303	0.908048179	0.942785014
4.813247598	-0.456468966	-0.431541403	0.096764044	0.602464573	0.20466091	-0.094329169	0.640293416	0.741842551	-0.343937669	0.308871619
-3.070082504	0.660084046	-0.023173057	0.756756936	0.25288345	-0.393509164	-0.996550792	0.90657542	0.698803759	0.051457377	0.469737758
9.762542324	-0.036129449	-0.825250899	-0.752854859	-0.902742449	-0.476309243	0.483249212	-0.293569798	-0.919790899	0.89143593	0.868848467
6.690913813	-0.764983395	0.041932736	0.542095469	-0.737325951	-0.918757788	0.643118078	-0.627252975	-0.433564865	0.168482664	0.312970032
21.32504917	-0.363927952	0.846518906	-0.263614219	0.514038486	-0.914777162	-0.220446462	0.140997608	-0.546631396	-0.434546526	-0.275989436
0.412375296	0.050169647	0.217085128	-0.944494273	-0.61187729	-0.180536318	-0.067525565	-0.008181995	-0.777403996	-0.554899434	0.751083312
-15.05648297	0.601205406	-0.612701481	-0.835674184	0.198304691	-0.077264931	-0.575689194	-0.490105834	0.749375912	-0.782899422	0.615426514
-2.109441045	-0.57579761	0.36866574	0.541876244	-0.589605257	-0.100071259	-0.811418839	-0.586388493	0.282898388	0.537864692	0.506378089
-5.249715067	0.682802279	0.904466899	-0.601046436	0.841612205	-0.98464465	-0.377776231	0.576377588	-0.076080094	-0.295760236	0.884572875
6.907770825	-0.975135222	-0.829727172	-0.072403113	0.479631018	0.35821347	0.462802021	-0.975340561	-0.765583404	0.562361123	-0.147259653
-9.299021854	0.878407627	-0.831491856	0.870152945	-0.807012973	0.073968772	0.004088971	0.405292055	0.641248533	0.144345035	0.404997569
10.9564367	-0.373216426	0.477664906	0.920131312	-0.649393434	-0.908489406	-0.254716099	0.767464999	0.64605637	0.601410071	-0.151302919
-2.639720239	0.328525247	-0.271428116	-0.586956185	-0.564393554	-0.728520127	0.650295107	0.861188038	0.638042529	0.51185387	0.401268411
12.52113104	0.484393132	0.064408535	-0.615125924	-0.418092833	-0.460706177	0.810477529	0.32841997	0.8425029	-0.348223199	0.196923915
-16.15134935	0.778790919	-0.521998144	-0.723056992	-0.057078012	-0.813422582	0.099506842	0.626127483	-0.950200677	-0.67249831	-0.600347212
-5.039628433	0.76807014	0.795684422	0.41317172	-0.312789539	0.722657195	-0.068458631	-0.100729166	-0.913024913	-0.460518062	0.420938793
9.007596503	-0.656217557	0.08420074	0.58980195	-0.119649011	-0.814571191	0.438543021	0.599296712	0.253745043	-0.10742031	-0.599322835
-12.4109464	0.310359171	-0.805341717	0.575465554	-0.36453881	-0.913517675	-0.869073961	-0.140392248	-0.711283568	0.257629421	-0.948330012
-12.13035321	-0.414043096	-0.76959842	-0.445694472	-0.31688631	-0.266692447	-0.334840427	-0.410623969	-0.090758048	0.851136719	0.021918606
-15.37585772	-0.979495288	-0.954723766	0.246091235	0.317433582	-0.237585629	-0.113610303	0.182926758	-0.965644675	-0.583001343	-0.668960291
-6.397510535	0.440780663	-0.037379916	0.950643589	0.817748646	-0.291762893	0.423652891	-0.428055554	-0.183884269	0.505723009	-0.169916375
-9.789294452	-0.250667	0.177297734	0.591349827	0.629375643	-0.643044102	-0.723851918	0.136395416	-0.66202814	-0.951523706	-0.433342629
-13.15333561	0.349197853	-0.406735316	-0.867704061	-0.575708691	-0.318688682	-0.066099389	-0.541974764	0.963275966	0.267352082	0.364632366
2.230769739	0.122855273	0.893832372	-0.169958703	-0.329864305	0.167815828	0.423815947	0.924528821	-0.087090251	-0.142270855	-0.288830286
5.892885366	0.10116053	-0.416415471	-0.375000429	-0.561947021	0.333430395	0.467660427	-0.693794093	0.704460439	0.887935376	-0.549090243
-16.69220702	0.911791946	0.628599902	-0.294268927	-0.793628088	0.842978726	0.793249442	0.319562075	0.989077315	-0.793649463	0.991768873
10.45464176	0.349021309	0.610338799	0.675393565	-0.395607638	-0.304230822	-0.92834819	-0.790403821	0.374883358	-0.296477978	0.308948194
0.089787971	-0.134454098	-0.640415083	-0.247402607	0.031151119	0.920788217	-0.614647113	-0.973617569	-0.267318033	0.580038418	0.47981122
1.736209994	0.51716814	0.617773592	0.64466783	-0.573176972	-0.268627062	-0.604853422	0.70021243	-0.14797653	0.009254061	-0.315190819
-1.034948834	0.612980712	0.057713187	-0.108213684	-0.875555942	0.425665461	-0.796634156	-0.452536172	-0.828951756	-0.896807514	-0.63254571
0.101574538	0.914359224	0.064196317	-0.996132674	-0.471745488	-0.082146403	-0.549500656	-0.56279114	-0.434260567	0.892026786	-0.235464851
-12.9222231	0.218687524	0.013626752	-0.837221991	0.619729685	0.742913083	0.480099729	-0.356677175	0.183370679	-0.229353961	0.407671502
22.92335238	-0.752207551	-0.206860298	-0.138666477	0.157117596	0.946237765	0.918250451	0.181700577	0.277353878	-0.635579994	0.976484911
-6.132450016	0.282253428	0.262590579	-0.025652606	0.489122108	-0.642617891	-0.899953915	0.126595077	0.588957244	0.491075483	0.475957495
-9.173693798	0.443024529	0.992311664	-0.560908282	-0.365422663	-0.581403972	0.20413852	0.609754161	0.574300248	0.473545996	-0.053969823
-5.814408491	-0.920628733	-0.48298486	-0.847720204	0.58013851	0.714607456	-0.598767268	0.682907793	-0.352278854	0.772959564	0.526490488
6.474329501	0.69143093	-0.450770051	0.713821441	0.415990599	0.507160952	0.863561581	-0.623551827	-0.533620182	-0.798963068	0.837293162
6.984517472	0.167459195	0.01803308	-0.73392011	0.170428287	0.449347163	-0.893844596	-0.32069681	-0.616617071	0.932787822	-0.657529425
-12.47928021	0.976976775	0.770643086	-0.450624462	0.129217617	-0.069780445	-0.770270357	0.017734558	0.721629416	0.425473579	-0.900191512
2.836386659	0.114787241	-0.467979055	0.234491269	0.552487806	0.525285988	0.508067409	0.501044902	0.048046766	0.066545817	-0.580193471
4.186809777	-0.023353422	0.903543791	-0.928358563	0.454351316	-0.694856443	0.114954852	-0.236839561	0.644253475	-0.013866408	0.233696029
2.823503166	0.560934494	0.344910346	0.03972169	0.318587626	0.440995359	0.228361893	-0.149781199	-0.232480489	-0.300666183	-0.924723246
6.962234328	-0.816039855	-0.821218089	0.772865512	0.023879731	-0.043499805	-0.699772625	-0.868663377	-0.125973184	0.967018116	0.595133962
4.669684796	-0.322269036	0.546585808	0.522846779	-0.013157722	0.581066882	-0.137265309	0.644615753	-0.060057549	0.01430218	0.434742454
16.11274485	0.372577429	0.193989545	-0.118608822	0.649251075	-0.41273737	0.18643017	0.291369172	0.47602883	0.712691698	0.484625087
-9.196003366	-0.726335895	-0.850379929	-0.312056362	0.392556266	0.027666663	-0.351731341	-0.327035279	0.306010272	0.860916173	0.33394557
1.242972458	-0.90292388	-0.639268106	0.894087965	-0.880735717	-0.136281305	-0.548753479	-0.402703071	0.091521087	-0.207450667	-0.206248306
3.453659211	0.271059684	0.65104979	-0.289915814	-0.135318117	0.696584779	0.910534303	-0.007340232	0.767253719	0.353890683	0.353875245
-0.481152113	-0.179437554	-0.138497959	0.842577365	-0.43234065	0.919754443	0.83901978	0.438906531	-0.764764822	0.14770259	-0.668181364
6.965069441	-0.915826147	0.522849411	-0.077605311	0.615429624	0.523183015	0.489253559	0.198705318	0.999567029	-0.202037569	-0.785357933
-1.689648629	0.463852915	0.095380594	0.850690424	-0.028262645	-0.946234202	-0.693473896	0.601125018	-0.04871042	-0.015245062	0.61198562
-1.763729644	0.537661875	0.806211986	0.44996835	0.991772825	0.597471748	-0.406972852	-0.85231985	-0.307637714	0.909997492	-0.433749667
9.012829567	0.688545653	-0.063116435	0.83941823	0.720791338	0.471532445	-0.344175039	-0.314482793	-0.020591618	-0.376685736	-0.652804832
-15.95151257	-0.611282877	0.486700715	0.863494047	-0.729207274	0.633874965	0.598079899	-0.511900289	0.839438318	-0.141242308	-0.158387309
-0.296227882	-0.943625333	0.290725996	-0.153053823	-0.617417654	0.820963222	0.50605488	0.821244845	0.335066847	-0.540830987	-0.810596635
-7.683213587	0.252501577	0.641786932	-0.75695716	0.526513078	-0.039929447	0.182929463	0.428634496	0.915852357	0.503979637	0.276604861
3.906129886	-0.650178923	-0.604068552	-0.644809432	-0.201949883	-0.530297737	-0.010754342	0.879170222	-0.228357179	0.472632049	0.341325518
12.92838515	0.779317838	-0.520756205	0.372533208	0.754075752	-0.679378422	-0.11966022	-0.431779887	-0.004211292	0.390246539	0.453910579
5.787566515	-0.205967306	-0.884079673	-0.749416279	-0.551102331	0.99416319	-0.099079667	0.701617915	0.969605501	-0.708364808	0.578111153
5.701262469	-0.706699501	-0.675681506	-0.572027726	-0.092186621	0.214941361	-0.370128846	-0.682827765	-0.100381347	-0.462537545	-0.208139336
0.947349433	0.687680668	-0.95308601	-0.404317263	0.669645551	0.178635818	0.194464656	-0.528366217	0.487226384	-0.288265179	-0.062934116
-2.683437559	-0.2237676	0.365557555	-0.522350296	-0.207023479	-0.774535106	0.228793282	-0.544000747	-0.695948307	-0.131433882	0.276422555
-3.276610864	0.030461398	-0.314806299	0.249504206	0.715202383	0.965688574	-0.321056262	-0.730589666	-0.490749179	0.780267025	0.866740996
-1.1838792	0.066420478	0.533614878	-0.619961486	-0.153422807	0.84072504	0.706081181	-0.291318214	-0.592520336	0.22644925	0.423950719
-1.585668052	-0.872471279	0.11445744	0.548316646	0.946952154	0.254168283	-0.436750734	-0.90012494	-0.755579344	0.069469929	0.972414805
-13.03992806	-0.558607027	-0.735676502	-0.754764443	-0.248986648	-0.360637405	0.583665237	0.849767867	0.213318759	0.355873381	0.964260363
-17.42867457	0.856220923	0.70772021	0.744948762	0.464812267	0.208676335	0.085164065	0.224266049	-0.550307416	-0.406532486	-0.346807317
13.88685303	-0.635491575	-0.913233811	-0.481647977	0.544841718	-0.62507463	0.741061877	-0.180290296	0.777358237	0.962506419	0.048040935
15.61684729	0.298023797	-0.816093197	-0.296498522	0.38966886	-0.175521105	0.872132833	0.489847997	0.998449605	0.96658852	0.896655981
10.3362554	0.099394951	0.979033218	0.948342889	-0.571729981	0.487640507	0.163962914	-0.409553799	0.860826975	0.01002868	0.909578649
9.70603297	0.768789855	-0.982510938	-0.542321179	-0.309950949	-0.115613055	0.901232704	0.525749548	-0.33804422	-0.144428736	0.280193322
6.189043888	0.132466558	-0.751192383	0.223342146	-0.193357508	0.86817277	-0.765684741	0.103314555	0.339092104	-0.222413633	-0.144790042
-8.680225912	-0.077187699	0.670222806	0.664781033	-0.051156587	-0.850780588	-0.040961453	-0.84076903	0.337758291	-0.45421556	0.823850077
-9.428987932	0.892590643	-0.677126973	-0.116351057	-0.72660442	-0.690291885	-0.59112348	0.493950746	0.436608044	0.873698308	-0.800117706
8.486245766	0.561429538	0.397242785	-0.276268505	0.780344825	-0.358957924	0.347782269	-0.794480558	0.835693213	-0.478329365	-0.252263342
-1.872216116	0.118310373	-0.730909161	-0.733912272	0.204664177	-0.991467928	0.135183395	-0.976082154	-0.608063619	0.389050226	0.33864958
0.512235709	-0.955585244	0.475477186	0.374337625	-0.2651773	-0.791548453	-0.757591528	-0.104322688	0.021604934	-0.645801173	0.407737162
-18.84592247	-0.603148015	-0.873652473	-0.311456617	0.420921704	-0.290401118	0.668325235	-0.343620298	0.502360436	-0.330561492	0.516885406
6.492106439	0.782483226	0.610545631	-0.0436874	0.467304936	0.205752981	0.573831069	0.630796441	0.620842478	0.89318943	0.71646482
-1.647222686	0.885476715	-0.817574468	-0.14894858	0.966740054	-0.357583722	-0.921134268	-0.956785876	0.655821703	0.801453816	-0.947552092
0.18586123	-0.818171955	0.999009434	-0.819584891	0.699193302	0.072957184	0.59689961	0.487141031	0.29804831	0.779953294	-0.797886711
-5.973450525	-0.975435414	-0.78329513	0.509899902	0.467959789	0.253898681	-0.818288755	0.833539173	0.4286083	-0.172676596	0.764984598
-12.773227	-0.383327657	-0.943956049	0.250390019	-0.934209104	0.871102371	-0.602713524	0.945687478	-0.243290469	0.625765915	0.516055007
24.2905513	-0.836855357	-0.585945665	0.873779532	0.746262318	-0.081330116	0.367675415	-0.331296193	0.610428973	0.941658156	0.182018417
14.49024798	-0.476593776	0.164307118	-0.526776941	-0.680226999	0.407482364	-0.500290139	-0.319159722	-0.458606842	-0.155726603	-0.329257026
8.377230871	0.441416131	0.158226769	0.876095037	0.404340584	-0.706375841	-0.616055774	0.996372393	0.614208488	-0.528320587	-0.281590969
-3.2987561	-0.460047978	-0.042017943	-0.89345052	-0.449913268	-0.522057948	0.460609492	0.916928903	-0.022458427	0.081007952	0.572673242
0.342256896	-0.988868606	0.227522986	-0.504869692	-0.05943342	0.782383151	0.986597757	0.916410001	-0.363855455	0.303828291	0.465236703
-8.241168819	0.756581925	-0.37332775	-0.884115008	-0.92228299	-0.041520814	0.861596701	0.847420714	-0.751843786	0.450766052	-0.489129842
-4.367083147	-0.27645938	-0.957555271	-0.376163281	-0.38974148	-0.313386152	0.077799081	0.663855224	-0.347731216	0.593488547	-0.523890364
1.928024015	-0.400510938	0.507034867	0.750675997	0.504210495	0.995968826	0.4657025	0.910611132	0.983651747	-0.626317275	0.169558523
8.918138317	-0.224073912	0.554508493	0.633593237	-0.278648112	-0.954999283	-0.557787395	-0.9606572	0.370957349	-0.919118049	0.503347802
-5.657796797	0.635991036	-0.174263777	0.396993271	-0.984199149	-0.622093572	-0.54334973	-0.673117848	0.930615153	-0.306587791	-0.545609375
8.697079562	0.48158204	0.117345744	0.73136454	0.335483539	-0.103005545	0.511668764	-0.885080366	0.106540264	-0.864976709	0.013450351
0.033954685	0.670324165	-0.134479157	0.02602255	-0.514565986	-0.696358764	0.652083885	0.226447225	0.267158013	0.965903511	0.95479892
7.359108382	-0.685576248	-0.754331854	0.477261198	-0.558800233	-0.242713868	-0.285956443	0.87327281	-0.80263848	0.758950883	-0.999293361
4.953597304	0.891563302	0.046885963	-0.268667547	0.16694237	0.234652973	0.364884279	-0.067170411	0.947002981	0.324838352	-0.789252126
0.68353656	-0.321760842	0.544629887	0.409584872	-0.425797115	0.448285054	-0.098224383	-0.919031705	0.062345094	0.213275124	-0.380236738
-28.57147887	-0.459718447	-0.548942939	0.334229146	-0.159926954	-0.731000331	0.182410639	-0.48385214	0.08139879	-0.840123954	-0.889637222
-19.88456077	0.461921745	0.281571158	-0.382981152	0.580254402	0.111706127	-0.89260345	-0.348622938	0.273325486	0.651417655	-0.027586049
-17.49420036	-0.421858595	0.155663993	-0.164665303	-0.857974311	0.565145346	-0.658293565	-0.408387176	-0.192589265	0.986428452	0.715615025
-15.86200933	-0.634145383	-0.925918064	0.302702924	0.749555004	-0.793298958	-0.562097294	0.020542041	0.116103387	-0.791260015	0.510830767
9.027804254	0.174687801	-0.587280734	0.601854725	0.510610493	0.732952337	-0.400587716	-0.487534636	0.34308792	0.340766896	0.596447285
15.94917209	-0.779058455	-0.017224095	-0.097490779	-0.10287392	0.600795335	-0.703249775	-0.360680709	0.021391994	-0.650910039	-0.541089994
-6.151586699	-0.531809497	-0.830796057	0.603828597	0.666089255	-0.185297484	-0.471668338	0.592915542	0.994460156	-0.698160657	0.349425537
2.010398523	-0.929389992	-0.075880099	-0.850085542	0.121918679	-0.528778681	0.311708645	-0.422296394	-0.03247895	-0.053877924	0.405356874
-6.749023248	-0.987537017	0.713769346	-0.251016096	0.873215088	0.496589346	-0.981701286	-0.204530944	0.756271367	-0.678743433	-0.614793289
4.45263983	-0.352561489	0.758115295	-0.377558906	0.948081337	-0.341934039	0.348760285	-0.557672672	0.489969619	0.56307498	0.786589146
-4.938733989	-0.410838647	0.328765543	-0.585355304	-0.648059142	-0.478799816	-0.582800348	0.428357443	0.837809899	-0.56451805	0.289815127
-3.373242544	0.049890337	0.657582644	-0.240280519	-0.664980814	-0.653019897	-0.193312541	-0.674300488	-0.721498611	-0.306480355	-0.645509769
-3.284369458	-0.354853606	0.735012594	-0.363528283	-0.855282015	0.914087921	0.218703651	-0.177385434	-0.052851967	-0.360660595	-0.90207658
-3.277146078	0.910961221	0.43025252	0.110799598	-0.361418827	0.50802314	0.013940826	0.335830122	0.500879709	-0.663083147	-0.086502801
-0.202246148	-0.492930814	0.837430003	0.087639991	-0.499738438	0.592607151	-0.513539604	0.694671587	-0.518442879	0.217530855	-0.337963087
-7.123715057	-0.85062035	-0.658180418	0.648420534	0.013914696	-0.621453012	-0.01116311	-0.602537258	-0.037157389	-0.793345593	-0.386538387
6.298226129	0.730419121	0.812847548	-0.031611486	-0.601889932	0.192770557	0.300227262	0.949169759	-0.101182326	0.160933414	0.959683361
14.90659466	0.505324036	0.677569897	-0.6194771	-0.02876927	-0.548150421	-0.923915055	0.471216755	-0.002779462	-0.895441139	0.899174214
2.17109653	0.457850905	0.927019451	0.224703737	0.215261799	0.52995639	-0.5824109	0.038019221	-0.516403345	0.437024681	0.651413305
15.05806598	0.486450774	0.782144206	0.194368167	0.828924696	-0.080343114	0.037096945	-0.895481297	-0.429215797	0.544707587	0.84439785
-0.468378414	-0.508313568	0.626070366	-0.873772591	0.725622294	0.001879438	-0.934360462	0.665559333	0.475017556	0.838861848	-0.514380677
5.823027256	0.086354671	0.63145327	0.886206944	0.654202586	-0.684678429	0.048487096	0.308280049	-0.49438882	0.570693692	0.037705652
7.037793804	-0.071936826	-0.581697596	-0.842692709	-0.37504852	0.447312902	0.310193819	0.616005043	-0.913998556	0.404619665	-0.758114133
-9.770500546	-0.313588736	0.117714788	-0.340484211	-0.06043628	0.215952497	-0.24737863	-0.854142861	-0.067535623	-0.115675379	-0.56062462
20.00015437	-0.344717848	0.845496948	-0.588562994	0.58845103	0.491628796	0.795807501	0.778191127	-0.678088501	0.979769463	-0.187216368
-6.239848349	0.913279372	0.168034066	0.017401159	-0.265803954	0.285519146	-0.993970614	-0.874092728	-0.873121813	-0.109936307	-0.306956504
-4.173072569	0.786483525	-0.561452223	-0.771839638	0.495086739	0.240301559	0.808077822	0.053954964	-0.304514808	-0.613440636	0.744726818
-11.32841594	-0.101831278	0.568903949	-0.070153359	0.232541896	-0.322697466	0.285945021	-0.491667706	-0.275648956	-0.941648323	-0.747224833
8.719164754	-0.823142439	-0.039535371	-0.327158054	0.892192315	-0.675901719	-0.419591686	-0.239673851	0.936992532	-0.129464092	-0.908286347
22.31738046	0.370308516	-0.066547516	-0.575942544	0.917995225	0.862892184	0.842195218	0.962580417	-0.030753323	0.122273864	-0.624339036
-1.189108451	0.568177691	0.460490283	-0.366463712	0.025856437	0.754756537	0.550619319	-0.627980708	-0.386988843	-0.988577885	0.781474017
2.876704239	-0.684122975	0.62522039	-0.673764465	-0.732104011	0.316257054	0.621108909	-0.339846174	0.122708982	0.045865944	-0.467997736
2.783332152	-0.391482585	-0.303723365	0.795513355	-0.172954421	-0.182470493	-0.131508543	-4.45E-04	-0.80583712	0.115748667	0.851751904
-8.992055641	-0.45501537	-0.358296947	0.775695048	-0.253311956	0.155246129	0.74007179	0.83824856	-0.561900937	0.43868016	0.099602322
-9.808386703	-0.987404835	-0.673230885	0.552828573	-0.879630228	0.3070557	0.863531223	-0.140336759	0.551608677	-0.748789911	0.885151893
4.948281656	0.433126906	0.462844609	0.337307482	0.347312401	-0.170796647	0.855805778	0.139031203	-0.791834311	-0.859937827	0.335631747
10.79126148	-0.541734577	-0.063349018	0.027652223	-0.988148764	-0.19441123	0.402951566	-0.83155537	0.114052832	0.537798057	-0.245816206
-0.728723017	0.339855872	0.68412611	-0.9441565	0.286609133	-0.759791557	-0.853595752	0.609134674	0.296363687	0.057915236	0.558990797
-26.80548343	0.45725527	-0.576096954	-0.208098395	0.914008635	-0.592298164	-0.896936935	0.374108034	-0.018540042	0.078340895	0.383841306
-16.71909683	-0.243757141	-0.119158758	-0.37414428	-0.381294758	-0.70321563	-0.183391227	-0.863466252	-0.714561693	0.020558676	0.22804429
-8.82235787	0.393322001	0.565237044	0.622047997	-0.018976695	-0.68684252	0.202975038	-0.555087377	0.168641336	-0.008843355	0.647254798
0.36392761	-0.905963049	-0.410392824	-0.00667327	-0.498931402	-0.177260345	0.037764439	0.307039572	-0.090404264	0.38661452	0.163057164
7.415902871	0.188586851	-0.330136048	0.666797642	0.853706496	0.039713704	-0.432291958	-0.960715451	0.841320488	0.400105653	0.730660285
-4.129456164	-0.796751098	0.545111159	0.160382284	0.631111553	-0.019857595	-0.951654312	0.180229122	-0.217715712	-0.543315891	-0.460386769
-9.211066571	-0.36112353	0.14026196	-0.231325255	0.553440173	-0.349785858	-0.241476821	0.808900929	-0.090758649	-0.057593914	0.337130677
6.523929165	0.191220503	-0.625453377	-0.268049618	0.966929747	0.914250412	0.767896303	-0.685294362	0.589812979	-0.658094753	0.468751095
-12.46765638	0.35148386	-0.520688313	0.354362805	-0.883783347	0.343388728	0.391477186	-0.178137967	0.655334454	0.372154824	0.944218583
-4.937258493	0.915065935	-0.170855106	0.823322723	0.253966913	0.189550495	-0.283318856	-0.484837474	0.891737849	-0.13169122	0.981505986
-0.52334258	0.423836371	-0.183630588	0.294987479	0.122355927	-0.974631019	-0.899086764	-0.858098233	-0.793088703	0.16757308	0.98886193
-11.9049869	-0.369299048	0.321662939	0.340154772	0.100097474	0.759887721	0.285300339	0.228802217	0.452149112	0.332220183	-0.950001887
8.324969055	-0.480861117	0.370552412	0.436354488	0.65443219	0.059000747	0.332803676	0.960914638	0.594308236	-0.307424617	-0.676391666
0.217016419	-0.294497088	0.040640346	-0.652481953	0.374822872	-0.298006084	-0.537030945	0.286239403	-0.378304313	-0.529217932	-0.09583784
-6.849773736	0.82513611	-0.572286869	0.110481345	-0.594605429	0.280614857	0.913561162	0.355904219	0.894356225	0.418337898	0.57141603
-11.03934781	-0.962026342	0.226690657	-0.737803649	-0.446019151	-0.259447601	-0.989879976	0.762096015	0.698386822	0.872999346	0.342664742
-5.882860061	0.524717896	-0.621716994	-0.136407144	0.660820105	0.578994524	-0.126860576	0.727788231	-0.479495449	0.978120843	-0.898006828
23.52945433	-0.123395494	-0.676952428	0.932496287	0.289569473	-0.295735548	0.750438535	-0.876926231	0.415913113	-0.769461123	0.988511092
19.04318442	-0.137831786	-0.853631845	-0.127924156	0.693689839	0.848856328	-0.653052129	0.278321877	0.098380487	-0.591323009	0.260839433
6.831058838	-0.908528266	0.652037082	-0.687580072	-0.045008726	0.476210792	0.159392595	-0.463631918	-0.258566822	0.313842004	0.504293821
-9.40919772	-0.34356199	-0.063815451	-0.933281462	-0.262967537	-0.03876014	-0.460693615	0.492729698	0.555019635	-0.175842534	0.202858681
-1.310185298	-0.374082155	-0.978897614	-0.607873973	-0.800774598	0.738129855	0.740775046	-0.771135101	-0.989525616	0.357937671	0.658990926
0.518080961	0.192898503	0.630121451	-0.153113072	-0.860767055	-0.464220673	-0.298128626	0.519464836	-0.9480451	0.973503039	-0.784388023
1.99478726	-0.157996821	0.226458916	0.314184257	-0.360860195	-0.142937394	0.809726164	0.117640889	-0.915199827	0.653671169	-0.172326971
12.35229	0.817611314	0.393426168	0.440119488	-0.441243587	-0.245092037	0.863665504	-0.425158312	0.206805662	-0.350111476	-0.237013533
-2.891643319	0.772240301	0.799412158	0.185204648	0.727357561	-0.375858922	-0.759840486	0.574864941	0.68979881	0.563892086	-0.99256781
4.803737144	-0.736771118	0.073705482	-0.551050975	0.119490957	-0.772375185	0.645048073	-0.950882502	-0.325039541	-0.249135622	-0.361743987
5.051689887	-0.098549558	0.529822451	-0.014996635	-0.446204869	0.229127901	-0.513533454	0.145277107	0.371152211	0.920473209	0.747299072
3.85911423	0.753216902	0.829143316	0.925589126	0.324866381	0.990532065	-0.103834537	0.851924684	0.602401535	-0.069580362	0.586214239
11.30005914	0.026411858	-0.696844533	-0.819456695	-0.127806592	0.840639378	-0.246171829	0.301999735	0.606245724	-0.193140559	-0.483132339
-10.28865725	-0.73883064	0.07753618	-0.573549871	0.218358118	-0.873572722	-0.878875558	0.708785836	0.712671256	-0.760733432	-0.462736755
4.895250842	0.977295413	0.60200874	0.169466262	-0.011334493	-0.539184504	-0.431584361	0.906513001	-0.486016021	0.092175561	-0.022200673
1.047942194	-0.055436367	-0.671048336	0.922278604	-0.220059816	-0.814184504	-0.317666314	0.606769685	-0.144566139	0.917227161	-0.807955478
-9.754451457	0.533713238	0.649958894	-0.491887905	-0.692511944	0.334526598	-0.811784952	0.931205512	0.327380345	0.756747848	-0.625667693
5.869027126	0.727382338	-0.251981399	-0.823958403	-0.1374975	0.614282473	0.62516308	-0.613824071	0.721039625	-0.418321552	-0.896598832
9.142342528	0.72953209	0.615027121	-0.978502474	0.30006672	0.117035282	0.297163946	-0.7920109	0.326490361	0.035224281	-0.17662519
-5.643698771	0.273606383	-0.612440181	0.249505287	0.099202117	0.718749055	0.621272412	0.586463421	0.114951165	0.448592589	-0.376835237
12.78164382	0.914433558	-0.457987262	-0.652193453	0.446208611	0.240360283	0.239740465	0.484043997	-0.725036312	-0.297694963	-0.338285951
8.393556739	-0.826338713	0.943482409	0.160786171	0.152171004	-0.651794594	-3.35E-04	0.078466314	0.687844847	0.927785441	-0.885538027
-15.34887116	-0.573470727	-0.252600855	0.237520942	-0.707461396	0.467416854	-0.319899786	-0.104159741	0.56169127	0.437424256	0.197325308
13.13826006	-0.941522014	0.601543136	0.388980462	-0.575044837	-0.58039952	0.117721987	0.751268524	-0.668346574	0.951565283	-0.32405936
-26.73620718	-0.470831041	0.287488601	0.007399319	-0.818901375	-0.515663394	-0.990692875	-0.884841981	0.219728016	0.128550825	-0.786280399
-20.21207726	0.560906581	-0.920190439	0.908305865	0.925514666	0.687141934	0.420187622	-0.429062898	0.578769187	0.726052206	0.282516416
-0.446522275	0.376406185	-0.200124511	0.942089431	0.421872863	0.555197448	0.076159918	-0.124092205	-0.222125919	0.211604989	-0.609279283
-1.948105975	-0.438200303	-0.683658842	0.733018205	-0.656434875	0.733338544	-0.557745769	-0.310358111	-0.718920145	-0.762984203	0.717945978
1.1951163	0.195415559	-0.479678551	0.141238527	0.716184759	-0.250276509	0.881566791	-0.641869191	0.496001472	-0.309183767	0.432016284
-8.991253905	-0.011838886	-0.590182902	-0.434307441	-0.404503131	0.052695902	0.733631213	0.957517672	0.597462869	-0.202842418	0.957734851
-7.955533027	0.610483076	0.591548357	0.327542735	0.483614341	-0.946659064	-0.246624284	0.985636146	0.943415521	0.346673692	0.129279806
-12.50077379	0.573332136	0.391541198	-0.934711636	0.092058661	-0.695945718	0.213657994	0.175952681	0.882816806	0.189342773	0.756590858
-11.43180237	0.082018622	0.90741812	0.46125595	0.403288459	0.780306469	0.208020115	-0.413688996	-0.89975655	-0.188048321	-0.155385976
-5.055293333	0.44426753	0.1904572	0.487743895	0.79844744	0.325135078	-0.186760505	-0.270184004	0.448661	0.540363788	-0.897161484
1.027648538	0.79536967	-0.324577968	-0.350743563	0.951098606	-0.865549107	0.207292339	-0.430783001	0.19504657	-0.31738141	-0.042479969
9.690201571	0.168529871	-0.251489327	-0.999324028	-0.216601325	0.332941658	-0.582420383	-0.152536429	0.354789237	-0.047604356	0.922911214
2.259103604	-0.991959318	0.632355139	-0.208152931	-0.002395046	-0.501590336	-0.166988037	0.790165758	0.337554029	-0.370733768	0.699548065
1.513088191	0.973710433	0.651897299	-0.164913185	-0.606675785	0.876237159	-0.905606663	-0.338807933	0.393414606	-0.875616887	0.952242791
4.023618949	-0.149746262	-0.587496238	0.678043991	-0.372912037	0.081040346	-0.47069234	-0.892457737	-0.336378434	-0.413974605	-0.510760031
-2.867416289	-0.755438329	-0.135559793	-0.389190425	0.439498324	-0.438599571	0.375480945	-0.522863329	0.241697108	0.713175359	0.034581768
4.661164232	-0.127388688	0.944628581	-0.179814169	-0.753587998	-0.085945487	-0.998315449	-0.727274885	-0.819781104	0.517761092	-0.618073128
-0.123476256	0.108205478	0.182542145	-0.341248626	-0.149254459	-0.659459983	0.955250238	-0.787562607	0.385498418	0.014303876	-0.730044367
14.54629618	0.245952399	0.943477707	0.211274593	0.773068801	-0.137279949	0.614003751	0.754529828	0.781455191	0.002668364	0.56339736
-19.66731862	0.935359008	0.876860946	0.961821055	0.121037157	-0.769176611	-0.422022961	-0.181172477	-0.14333978	-0.315123581	0.402215356
18.84119697	0.442320464	-0.436482171	0.393536389	-0.775028674	-0.698181477	0.688951255	0.364679117	0.002353603	-0.083780482	-0.056593818
17.40329213	0.915598022	-0.355938661	0.447757108	-0.429144216	-0.273443072	-0.893704291	-0.314376194	0.07805815	-0.313861515	0.620293224
-19.40233603	0.462288625	-0.902975526	0.744269564	0.380272423	0.40686859	-0.505470788	-0.8686166	-0.014710839	-0.136260646	0.844445225
-3.855123203	0.507255739	0.462697323	-0.209100772	0.943141552	-0.129369077	-0.203383506	0.501429132	0.175133282	-0.609168295	0.543010689
1.493768356	-0.777281267	-0.774373859	-0.284875406	0.333684685	0.621957213	-0.111446577	0.760691333	0.854708515	-0.317284446	-0.466847402
-17.80362619	0.517634	0.230483779	0.616274693	0.1690859	0.969520747	-0.347132187	0.852683376	0.989559228	0.880556196	-0.434524383
1.406020016	-0.419644719	0.773848611	-0.096460619	-0.253517815	-0.210653899	-0.404904164	-0.769650178	-0.771048812	-0.677722872	-0.093811581
-17.02649226	0.836780531	0.155919044	0.048200111	-0.734008347	0.266115027	0.388166178	0.94852873	0.720154057	0.850923486	0.965811487
8.729450607	0.640486217	0.165160909	0.290131177	0.370567322	-0.337649458	0.901262563	-0.421509783	-0.0563025	0.706104256	0.019358841
-5.516822118	-0.571834842	-0.214577772	-0.09307468	-0.73112741	0.5272184	-0.005281761	0.285282618	0.618099988	-0.752637215	0.204164725
13.00154126	-0.513770388	-0.154523598	-0.256576009	-0.977311074	0.071814798	0.189652118	0.779535499	0.219768987	-0.203640892	0.33822333
18.44338869	-0.92783444	0.267853873	-0.469323899	0.849417617	0.45765527	0.205463957	-0.199860294	0.477987301	-0.227977189	-0.308361186
8.952089112	-0.737167122	0.816014964	-0.026630089	0.593101527	-0.122162435	0.161290795	0.742301675	-0.52128729	5.61E-05	-0.409626734
-3.706246398	0.563351432	0.991490096	0.186779993	-0.159602357	0.120479107	-0.773328142	-0.887447048	0.793151534	0.732289883	-0.034992898
-10.5833113	0.662700374	0.106887188	-0.492300907	0.893658004	0.012227929	-0.144203889	0.920345204	-0.207198326	0.295618694	-0.085977251
9.818996211	0.580133517	0.074224244	0.33438635	0.26054798	-0.877130473	-0.971099059	-0.186928739	-0.616773807	0.344019214	0.673760051
-11.8781675	-0.719307133	0.524712771	-0.029787272	0.18353223	0.403501101	-0.360028419	-0.207815355	0.551788318	-0.993802787	0.624506142
-12.19809656	0.275423142	0.345973439	-0.38737777	0.624410167	-0.78012183	0.204447337	-0.566759946	-0.946213158	0.557656541	-0.930755704
-3.661041312	0.045569951	0.322039613	-0.042289274	-0.943530494	0.375050971	0.212989701	0.549105469	0.336950886	-0.992350086	-0.640270712
3.782742149	0.779525061	0.432969798	-0.648148501	0.323571728	-0.806738277	-0.067403975	-0.283501721	-0.58758535	-0.256995618	0.781356159
-17.06539963	-0.017724466	0.563282915	0.142324204	0.031667903	-0.781534848	0.36577335	0.720832616	-0.786325312	0.332919417	0.617575295
16.23248798	0.261564775	-0.663180135	0.642034938	-0.319805284	0.380219309	-0.060298438	-0.891165278	0.342461726	-0.851535075	-0.423547097
-5.015963911	-0.078905642	-0.098643773	-0.131399439	0.661094967	0.067775791	-0.265862457	0.17443499	-0.312985492	-0.379137572	0.762718637
22.6477503	-0.036669974	0.496918677	-0.458985595	-0.099322489	0.056929109	-0.500674346	0.999293676	0.825252547	0.943171102	-0.489149706
-3.731112243	0.443534902	0.231120328	0.469768254	-0.750751483	-0.063232576	0.099709143	0.939403676	0.410386974	0.656420923	-0.542746676
0.676187274	-0.300516262	-0.26699232	0.866875874	-0.403252917	-0.975642574	-0.511639865	0.16424789	0.803409944	0.8554935	0.427477029
8.449247195	-0.658876597	0.25022852	-0.20481547	0.377072528	-0.169707888	-0.08040755	-0.358075718	-0.604254966	0.360349279	0.158996509
27.11102796	0.710684165	0.685369938	-0.807629755	0.793232106	-0.80110851	-0.701729273	0.105686498	-0.407553583	-0.061008981	0.088959727
27.78383192	-0.837879022	-0.66510025	0.021049639	0.329943349	-0.798130489	-0.294796212	0.973940871	0.944289318	0.010541491	0.833279145
15.70071096	-0.538773982	-0.596642681	0.145702925	-0.59377919	0.777925114	0.996296208	-0.477408382	-0.02528477	-0.173050363	-0.601384151
-12.55857579	0.032503649	-0.672395086	0.709047488	0.250343059	0.703677402	0.622650237	0.577688124	0.799975473	0.213329726	0.338490629
6.277677652	-0.009605589	0.578649687	0.920827691	-0.947739742	0.630605366	0.539643466	-0.984193045	0.549268292	-0.020767248	-0.868465544
6.424586997	0.861374923	0.835603796	-0.717347982	-0.630958482	0.161367581	-0.748518416	-0.006053584	-0.876222108	0.191953777	0.072596343
-9.647724855	0.756801534	-0.422152449	0.011711848	0.738706505	-0.043475126	0.066421009	-0.699370585	0.163122171	-0.11975578	-0.618871747
3.81837065	-0.722693794	-0.546275696	-0.391584199	0.014310441	-0.995031592	-0.184403745	0.902351765	0.794875206	-0.679270201	0.407300744
1.158501948	0.557554685	0.899703213	0.608864332	0.487289366	-0.039775204	0.320256543	-0.312317686	-0.686115367	-0.085616438	0.522243658
-8.186510399	-0.80906938	-0.048272299	0.199636021	0.256897117	-0.001534673	-0.610462553	0.774671504	-0.734375002	-0.492726355	-0.81151912
-3.377690136	-0.940818751	0.965499326	-0.167250104	0.257406959	-0.693050697	0.111247621	0.391458055	0.290649513	-0.274549073	0.900117531
12.69257182	0.740442671	0.906057663	0.702371202	-0.980812616	0.034476665	-0.414633921	-0.732965175	-0.269601981	-0.988536716	-0.854030402
2.511105405	0.744815445	-0.753214323	-0.972461744	0.6626204	0.455172046	0.374097361	0.337245077	0.509519038	0.259036992	-0.324825748
-8.300340494	0.550485044	0.507723294	0.778859307	0.260191688	-0.003227567	0.039752927	0.194684326	-0.285953155	-0.411347796	0.43272012
5.904938653	0.662229327	0.642889163	0.699966309	0.913269874	-0.396007234	-0.145009223	-0.439017103	0.002067106	-0.607987425	-0.713141611
5.00404824	0.72123099	0.342519984	-0.729032363	-0.556309796	-0.75778983	0.64788307	-0.237105591	0.343985071	-0.544025162	-0.297163803
6.212555981	0.249868598	-0.258685734	-0.63808105	0.170088416	0.948580202	-0.258030679	0.032916516	0.329509515	-0.929191508	0.845402116
-3.741044592	0.763300391	-0.18325529	-0.393619079	0.905076862	-0.885009387	0.930220865	-0.129720941	-0.459442486	0.504411239	0.139906755
7.378402183	-0.276868085	0.127355246	0.521663596	-0.941858479	0.204415708	-0.350734212	0.784750169	0.322299955	0.210256965	-0.58137102
-7.150099159	-0.194525915	-0.408984516	-0.197185912	0.953144798	0.079964557	0.170135297	-0.244209522	-0.856414637	-0.584391053	-0.338464714
-4.288417758	0.020710986	-0.745056424	0.367499202	0.467374614	0.941170271	-0.725736506	0.581328004	-0.015675318	0.247341953	0.6516001
5.916426038	0.826000086	-0.113241625	0.130613044	0.576259162	0.548049764	-0.975159985	0.028288215	-0.411328603	0.891285698	-0.84709102
2.431004294	0.140885767	-0.451041909	0.29891134	0.955503074	0.159625226	0.766448109	0.051697815	-0.347178716	-0.800715154	-0.55988995
-16.08565904	0.394613723	0.844377932	0.511685555	-0.531933999	0.265645068	0.189053978	0.19763571	0.155056122	-0.935633748	-0.978295701
18.05844035	0.840248752	-0.62007252	-0.615848768	0.070932831	0.750125691	0.380922098	-0.819257913	-0.930400283	-0.657030082	-0.525255478
-1.002672016	0.461220797	-0.760920104	-0.937217806	-0.253910365	-0.748742916	0.380243147	0.218860598	0.027516853	0.334834643	0.61858013
-2.668869542	-0.877591162	-0.664741042	0.059485163	0.727852666	-0.011366224	0.33475666	-0.63861204	0.396097722	-0.787207629	-0.61958573
-13.8670879	-0.91147806	0.79976953	0.833725242	-0.792726791	0.686382985	0.416256215	0.265992242	-0.551994669	-0.640390034	-0.868038772
7.826011096	-0.28819519	-0.193170713	-0.065810625	-0.607407444	-0.943474007	0.942657266	-0.181262943	0.394255753	0.506589054	0.89698257
1.421383621	0.699684054	0.128399957	-0.253737546	0.247721106	0.904021038	0.47062011	0.969767893	-0.921576437	-0.275415981	0.442770032
-0.973650799	-0.212164547	-0.677022251	-0.573306752	0.279795295	0.712858824	-0.920876364	0.141283372	-0.00285166	0.694390871	-0.920192299
-0.175008486	-0.60150709	0.78159982	-0.99320062	-0.330395341	-0.332991786	-0.282285202	0.683478539	-0.645860765	-0.061714761	0.114215134
-15.31098059	-0.352907635	-0.726356531	-0.868898707	-0.99109832	0.702902808	-0.202512844	-0.109284168	0.307764664	0.642314315	-0.155276372
3.260298267	-0.781751058	0.453362008	-0.153656708	0.506395157	-0.71028672	-0.480500366	0.983801668	0.078546012	-0.189536949	0.193700725
3.846123583	0.666558645	-0.289406353	0.299653485	0.235903441	-0.745674372	-0.468087635	0.810630161	0.691280702	-0.606014141	0.340186399
-10.94591966	0.766997172	0.387027719	-0.666431193	-0.281707209	-0.169559169	-0.942583132	0.568547671	-0.207822587	0.015213591	0.818372387
9.820049725	0.958216399	0.750390588	0.625511043	0.652270195	0.092480377	-0.283348285	-0.984196894	-0.934378072	-0.605526104	0.600016503
11.39871594	0.66050869	0.146754545	-0.788005359	-0.857078594	-0.431769397	-0.122449182	0.980824165	0.545585352	0.687097243	0.742768676
-7.846310148	0.435581764	0.765950436	-0.378417198	-0.567589657	-0.201163905	0.877546755	-0.282490336	0.747066031	0.896778305	0.713370034
-1.384739123	0.370761348	0.69310926	-0.770162151	-0.56793665	-0.723435675	-0.80592551	-0.830799388	0.613397569	-0.73997499	-0.153499039
16.93981662	0.655266568	0.023248458	-0.685064141	0.712979077	0.04166304	-0.716028967	-0.473307368	0.272089772	0.058507419	0.344275541
2.849717999	0.666493751	0.334379694	0.261191035	-0.136588104	-0.582180126	0.985468347	-0.213965554	-0.592327217	-0.56747962	-0.568163355
4.981807952	0.751742607	0.702929109	0.712661983	-0.998200742	-0.774334337	-0.904885875	-0.824378384	0.493616327	-0.683549559	0.841275861
8.508637576	0.683735427	-0.435346907	0.65974488	0.887020416	-0.69385761	0.919949572	0.331196407	-0.618127322	0.129290343	0.68551504
14.36937808	-0.948937218	-0.657717723	0.543899464	0.541115215	0.437332445	0.592708497	0.610006884	0.939273572	-0.98067017	0.398417614
-6.456944198	0.838044239	0.051661335	-0.258641534	-0.950667234	0.522727549	-0.038997366	0.766013305	-0.93752367	-0.372132107	0.056076837
-10.04135311	0.529371791	-0.358749325	0.144038243	-0.410649663	-0.794648717	-0.436995616	0.827361321	0.921225538	0.004098677	-0.237965442
-6.606325362	0.276510273	0.101846692	-0.94064438	-0.466619761	-0.583657378	0.130855442	0.052321997	-0.496537054	-0.369583665	0.487442745
-15.35954488	-0.825383015	0.296835455	-0.979035657	0.337495945	-0.44948335	0.174001377	0.573732326	0.201593727	-0.18127609	-0.176527123
2.180176997	0.366413077	-0.192945097	-0.783494545	-0.038064423	-0.616762231	0.349198523	-0.78589133	-0.57040626	0.984614089	-0.548571249
-2.700664689	-0.485051787	0.06347122	-0.370472312	0.740708028	0.067132529	-0.210352449	-0.940246772	-0.85556245	0.624476019	-0.903888568
0.210561302	-0.171252235	-0.233284638	-0.649777347	0.331116048	0.794428725	0.516397738	-0.025715996	0.11762566	0.993865855	0.53633942
-0.643395298	-0.905126801	0.582644299	-0.820754628	-0.0773547	-0.642005891	-0.929078721	0.218292028	-0.775284589	0.45332333	0.545731586
5.622874731	0.54866364	-0.218678541	0.13260111	-0.024868471	0.924659781	0.074903953	-0.213275676	-0.339705812	-0.194083989	0.975733481
-18.27521357	-0.489685765	0.683231434	0.911580871	-4.68E-04	0.03760861	0.434412774	-0.300196458	-0.483396582	-0.548893383	-0.473505285
5.518650145	-0.168813743	0.227477022	-0.855527091	-0.691423152	0.036184374	-0.840483113	0.163785257	-0.333895929	0.230265749	0.940908785
2.559973868	-0.243711704	-0.175261305	-0.793032489	0.172884434	0.723394201	0.472226946	0.787818769	-0.652001176	-0.995250746	-0.329510264
-8.508663401	0.919423642	0.951728492	-0.187237093	-0.249130013	0.88182864	0.136612102	-0.407925172	-0.33132908	-0.491373883	-0.327392535
-10.23343959	0.096012881	-0.861175685	0.118073126	-0.245707507	-0.047826307	-0.717269426	-0.284165818	-0.31500936	0.231834749	-0.51298617
-6.345937072	0.953783542	0.45985464	-0.257013655	-0.291858209	-0.684368828	0.834395203	-0.965651709	-0.447440561	-0.951034952	0.591894698
1.114406551	-0.572183844	0.12019173	-0.525370129	-0.587401131	0.789358009	-0.180128136	0.478190574	-4.67E-04	-0.796537418	-0.851544415
8.688243147	0.224558114	-0.069760036	-0.766183315	-0.228915152	-0.564319139	0.080698618	-0.967031764	0.148267529	0.932536405	0.407117866
14.89603557	0.206309499	-0.573857833	0.566482939	0.373275233	0.040793034	-0.660498491	0.151360761	-0.624493928	-0.523628855	0.472849927
4.396558596	0.556560241	0.144409575	0.028227503	0.382973783	-0.267397455	-0.708209628	0.760448327	0.807207526	0.114605749	-0.076694068
1.745714128	0.366857652	-0.535220008	0.585338598	-0.448255106	-0.567679521	0.804329559	-0.021608298	0.422813038	0.027894532	-0.541120113
-15.33476748	-0.036676501	0.804758241	-0.064209108	0.140270544	-0.921532203	0.795117312	-0.994819897	0.238240691	0.663416618	0.762322258
5.017247792	-0.59253935	0.485065998	-0.507979565	0.666855333	-0.110317487	0.704853553	-0.981923089	0.196096206	0.517398527	-0.112698496
6.201510811	-0.68029421	0.898957584	0.853293388	0.608933619	-0.935262629	0.320858333	-0.964481545	-0.829477379	-0.881731199	0.516536466
19.17493563	-0.200261053	0.727617899	0.774871669	-0.742342015	0.131477705	-0.838201571	0.021760992	-0.245869878	-0.059581773	0.473472362
-14.82215291	0.72556607	-0.227519889	-0.084091971	0.072750455	0.184169207	-0.338384067	-0.447019636	0.503121096	0.096408585	0.985735119
-6.310082096	-0.769207613	0.853360151	0.676268298	-0.78389503	-0.819546282	0.396310135	-0.625492246	-0.752113599	-0.8032004	0.83886728
8.853802633	0.469509482	-0.614869358	0.028739221	-0.024281644	-0.349545814	-0.123471964	0.525389407	0.510071346	0.639757957	0.086443533
-10.29371404	-0.179719508	-0.66217202	0.888036886	-0.049774836	-0.896499139	0.687349082	0.423690879	0.489725543	0.861723318	-0.834833184
0.239856116	0.050526697	0.854429718	0.858635852	-0.021299752	0.260669693	-0.394464862	-0.416623444	-0.609764327	0.466339963	-0.225216462
21.5771995	-0.587849114	0.802134057	-0.547101758	0.606796684	-0.691712219	0.781432375	0.316894459	-0.166878006	0.528569239	0.802709103
-0.783653883	0.57667948	0.828146357	0.508745313	0.521285334	0.629470078	-0.938509774	-0.131273714	0.98453905	-0.722416621	-0.111553274
6.71041365	-0.691980323	-0.652690402	-0.342112919	0.90948428	-0.945439866	0.378076651	0.582338535	0.881783005	-0.514843383	0.325797011
5.384747201	-0.966185767	-0.519769534	-0.446639686	-0.437011302	-0.639740069	0.082253093	-0.259365246	-0.171146327	-0.428480991	-0.809685474
7.688509533	0.389287209	-0.133066209	-0.932974891	-0.892135749	0.480699656	-0.215002884	-0.891126807	-0.951026495	0.189974099	-0.439443206
2.254699759	-0.59638831	-0.011151536	0.878187138	0.773625096	-0.732574571	0.251863179	0.576024928	0.869010795	0.023208531	0.085709515
5.597710013	-0.532351224	0.033669443	0.514353768	0.28471251	0.401220263	0.120320393	-0.081087168	0.302313844	0.032591156	0.956746752
-12.97784873	-0.590889153	-0.767820824	0.851243451	-0.149101964	0.625026023	0.539337871	-0.95735806	-0.864881503	0.417573516	0.487216922
10.35887244	-0.091260238	0.188526341	-0.135239181	0.833384269	-0.60154421	0.534773646	-0.82348976	0.556268829	-0.807478561	-0.666881465
0.425050215	0.777171757	-0.872920275	-0.257828888	-0.13605475	0.591178112	-0.844402397	0.678730254	-0.544429931	0.356121883	-0.884533385
-0.874348793	-0.908768121	-0.292625137	-0.351137588	-0.705933224	-0.688228947	0.835013126	-0.765901607	0.11400115	-0.946614366	-0.503364313
-5.615143642	-0.668828982	-0.462315986	0.012827807	-0.445212649	-0.556311103	-0.606529598	0.380671243	-0.113171521	0.507896127	-0.848780119
-0.182939705	0.093775581	0.57743845	-0.710468419	-0.072859142	-0.879792049	0.60996155	-0.804744062	-0.687785611	0.584300402	0.519058146
18.47968055	0.963551714	0.995450782	0.119598991	0.375328327	-0.93867131	0.09268337	0.480039495	0.943276978	-0.963703699	-0.406440745
1.385064587	0.144761844	-0.11280617	-0.438508454	-0.596161944	0.419554627	-0.504776747	0.457180285	-0.912936031	-0.632002206	-0.449896085
